9429
7543
7543
116150
116150
116150
116150
993
23204
23204
23204
23204
9467
134266
134266
134266
134266
904
100463482
100463482
7323
7323
7323
6191
6191
5562
5562
5562
5562
2444
10477
9538
27284
64786
10527
51290
51290
1182
81611
81611
81611
27161
27161
10575
3206
84216
29102
9252
5861
10884
64854
9581
8204
3205
7280
79596
132430
22838
64770
56889
7447
1490
4026
367
8854
875
637
10163
79814
3842
5784
8445
91452
100532731
648
8546
3488
9860
