5324
23621
23621
1021
1021
1021
1021
1021
1021
4602
7422
3091
405
55038
898
81876
1399
1399
55294
2896
2896
4774
4774
4774
23405
23405
23405
23405
1612
9314
5728
8313
8313
8313
8313
1558
1128
4853
4853
4853
6303
83606
27161
27161
27161
6155
4814
284207
192669
3638
51124
55146
26523
1455
51069
119
6182
54058
23193
10376
29886
8449
342371
203068
29086
5125
84268
26227
3921
284273
6941
85395
10548
50813
5694
11180
2799
2799
2799
2799
51463
25963
5581
2308
1024
857
26524
6623
4988
3716
3569
54805
59338
59338
59338
59338
59338
84287
6895
6895
56181
8445
8445
51077
25820
25820
6645
6645
27183
27183
27183
27183
29035
29035
29035
6198
65124
65124
130507
7533
10762
10678
10678
10097
93
57606
813
84132
84132
84132
79666
79666
8473
8473
8473
23112
23112
53834
153222
84458
148867
5049
5049
81602
23119
51719
2247
8323
8323
8323
203523
56990
64710
23067
5527
5527
83640
28232
8897
10890
3673
5295
5295
5295
5295
1462
830
5888
57167
2081
221
9343
3419
139818
253461
55585
4071
9519
9519
9519
10228
11329
11329
11329
11329
11329
165918
5966
5966
5966
5885
5885
5885
4493
9929
440270
5045
136647
57556
4064
388524
388524
388524
388524
5000
5000
5000
5000
57489
57489
57489
57489
80095
3301
3301
3301
3301
10061
10061
10061
10061
79944
79944
79944
79944
10714
10714
10714
10714
140890
140890
140890
140890
5930
5930
5930
5930
3321
3321
25940
25940
25940
25940
1456
1456
1456
1456
27
27
27
27
9140
9140
1104
1104
1104
51258
51258
91746
91746
91746
6426
6426
6426
6605
6605
6605
9783
9783
9783
253143
253143
253143
9360
9360
9360
5255
5255
5255
118987
118987
118987
9493
9493
9493
56261
9908
9908
9908
2020
2020
2005
2005
2005
56919
10793
10793
10793
4176
4176
4176
286144
5515
5515
6885
6885
5074
5074
5074
1457
23087
23530
23530
6515
6515
55291
51645
51645
51645
5187
4604
4604
9538
9526
5168
667
2296
5540
2779
2779
11176
92285
83445
55791
124491
55320
220047
55327
55327
1666
6299
6299
862
5814
5814
5537
25957
55824
55824
8650
29915
29915
27436
27436
1964
55870
154796
51020
51020
26156
953
619208
163227
1760
1760
1760
1760
29101
54431
65986
79693
286451
286451
10138
7320
51768
7082
84897
6884
6884
25777
25777
64121
29127
56957
56957
55692
11072
6249
55573
79572
22863
55082
55082
5756
3181
983
340252
9154
55789
904
7049
26073
3930
55970
22849
26051
9819
23093
8467
3251
116150
9683
157927
2560
138151
9052
9052
56995
151888
171484
79571
10945
81553
6247
9340
7083
6229
51479
548596
23174
140
57105
11276
