661
6863
7037
7037
7037
4170
4170
126393
358
361
4881
5594
25949
84925
7539
9588
9439
5531
9520
10642
8760
377
84336
6156
54976
8340
91647
8727
79646
5478
10643
11051
2043
79001
9329
9819
162966
169200
79923
7711
54882
7156
196403
7812
8345
3024
1891
85236
26523
26088
1857
8085
1029
9232
9839
23468
57479
23112
4998
55502
6191
26953
2326
7003
6950
1019
9181
51227
6130
55833
57574
79693
23521
55930
83752
11321
8243
64858
4538
1850
10935
92856
132946
10983
7844
2693
3313
283373
1540
55095
167227
3014
8665
6397
23085
207063
10914
23476
6929
8427
84838
7326
58516
11100
2778
51251
8125
4223
7020
7453
7536
1731
54801
26022
960
4173
6535
6133
10600
2130
30833
10105
8242
253143
84859
10419
5819
9445
1340
8312
3480
3480
5780
58508
79930
9862
374655
705
9883
58499
8073
10146
8347
4189
8148
10251
23277
10075
79791
51645
93643
9852
9722
8358
23406
114034
4233
388403
476
9921
56893
7414
1938
6391
811
3008
9516
54891
2870
154007
4124
107
5716
65123
220213
5781
4209
4535
79050
4512
1535
126917
10376
333932
4796
55734
813
821
85406
5213
6730
9898
84706
6650
644591
55969
5435
55333
54623
5901
7546
10541
22913
54838
7275
6305
8891
283377
3421
51280
4756
84964
5315
55666
1808
6132
6217
79084
23524
8396
6637
201294
23310
58506
26003
554313
6197
4899
90249
23215
56954
10766
64969
4351
5886
2035
81
113026
4646
6232
3206
7920
8337
55916
85313
23211
3911
5411
5411
2028
7410
10847
10847
3218
6310
9968
1729
55544
9441
9726
6566
2131
10193
56882
6723
4540
154881
51804
56259
10466
29959
1152
9124
84934
55819
6832
3308
80153
64061
23326
7167
8945
94274
10606
54939
5358
83743
2597
399665
121457
64864
65005
5094
4952
24149
1497
2280
57634
1434
4282
64745
9265
124801
51239
55729
538
81552
203068
54476
10625
4297
23523
6601
9491
808
10867
7494
1810
124583
1503
5510
23518
51477
5430
23583
6218
473
6455
10061
84775
80228
8357
6633
3837
2275
5717
25873
51386
9069
23590
55968
65125
25822
29803
64743
6206
4642
359948
10844
6628
4946
10940
54941
84164
10776
6176
265
311
4869
10445
6155
56916
124454
7531
51272
7417
506
5862
80308
84722
10208
3983
3028
9611
23314
10802
10802
7416
84300
5307
5058
57142
83461
8408
8408
204
60
7248
3326
23401
4609
10945
10838
10838
10838
7763
26015
5357
2618
4696
23392
55374
23248
9144
23450
8669
10263
27327
7203
71
27086
10276
8663
9149
7112
10072
55907
23092
6299
54982
55718
8348
23013
894
8050
22849
9618
25840
55690
7392
9739
3312
5970
3609
550
9557
55114
10580
4001
8970
4513
80818
1362
90780
26168
10534
2011
29107
84132
54880
55775
5538
7311
83857
23162
10211
526
4191
253714
10471
826
4337
4835
4835
54973
83986
6722
85403
2146
4976
30968
55092
6927
9909
552889
80344
80209
9668
57533
5033
23646
6945
4514
23214
644815
26071
9830
9703
1981
6513
2752
84193
3690
2770
5879
84159
23219
23219
57690
54906
54906
84516
84516
84516
84516
10009
10009
286451
286451
648
375
375
93487
28973
80311
80311
162073
8829
4775
7224
5728
54971
55
23336
83939
1163
153222
345651
9275
54407
54407
4149
283464
285598
8482
3481
11330
11330
8604
6886
222235
222235
7163
10492
10492
10492
100463482
10360
10360
10946
149840
26036
7707
55432
9255
285636
10308
6432
54676
140459
1398
150864
84549
7161
25966
11311
115572
29095
55187
79188
403
20
22824
8893
6195
115294
23075