85414
5778
8754
4316
6387
55790
3224
3396
8774
8774
8774
8774
8774
8774
1829
55209
57606
27125
9522
29887
57532
8202
80219
29968
29968
79944
79944
79944
54741
9295
25978
2908
8293
728492
2309
2309
23509
4613
7789
203547
81603
2005
2005
10472
10472
29766
29766
9218
6651
80034
7037
8693
100528030
9689
132660
1310
9990
4609
9021
23049
23049
80347
80218
50618
50618
27161
8482
254065
552
552
8932
8932
8932
8932
5599
7538
7538
7733
7733
7733
55273
80139
80139
80139
147339
147339
2901
643836
643836
643836
5324
5324
5324
5324
7182
7182
7182
1857
139886
284695
84924
51290
51290
256643
53339
65265
5238
51340
7766
7766
123016
360023
1456
1456
23468
84159
84159
55082
192669
10794
10105
4884
8639
9221
1834
7368
7368
23095
3216
2533
6601
9987
65125
144108
4603
2074
91368
51341
79836
3434
80067
65056
23077
2746
79828
