2819
898
1017
1385
23405
23405
23405
23405
857
857
9314
1612
5728
5728
1558
7078
3398
58506
4905
382
51320
4520
3621
653121
65244
80153
90196
80095
80095
22859
201163
79581
10625
11339
55165
84056
55273
57181
6198
6198
51283
51199
83931
54764
22875
23276
54976
170850
6885
6885
79886
79065
3799
4092
221061
84133
993
6386
9113
54815
3321
3321
27
27
27
27
11108
57120
7798
3181
9783
9783
9783
254048
23080
57568
81565
25777
25777
6299
6299
223082
11080
91746
91746
91746
9683
79572
79572
11244
403341
3638
6426
6426
6426
80173
55320
55320
55183
23185
57559
80012
10295
10944
10370
10138
10138
3920
25940
25940
25940
25940
154791
57532
84132
84132
84132
10123
5045
5045
159090
51629
7091
55573
55573
121536
90522
116224
375061
3200
81618
258010
9988
8349
3226
55591
2745
23409
8434
518
6651
6536
5576
4644
51166
54776
58490
5144
10061
10061
10061
10061
51479
51479
23710
160
55291
55291
9908
9908
9908
60485
6992
81876
3836
347734
6605
6605
6605
220002
29775
11212
93
93
23023
6249
6249
64089
8451
403
22863
22863
8445
8445
8445
90441
90809
8731
4524
5128
5565
10714
10714
10714
10714
57589
3673
3673
8036
23039
5255
5255
5255
3749
862
862
23112
23112
23112
55585
55585
9931
57088
5324
132864
10762
89780
23163
55824
55824
7203
9832
8313
8313
8313
55870
55870
9874
27351
2247
79447
27042
5888
5888
3460
3239
4134
55218
51715
56652
2782
113829
56929
9969
10291
29126
813
813
596
26031
4302
80314
157922
9567
54805
54805
81602
26156
26156
85365
127829
10946
65124
65124
56603
10908
160897
79869
54926
9793
463
23234
10645
255488
1948
771
55312
2280
79188
2799
2799
2799
64768
51026
8650
8650
161742
7020
5774
154214
23067
79441
11329
11329
11329
11329
11329
10479
55026
4645
2020
2020
2020
9467
65975
80155
55038
57534
152559
54980
81563
23232
25790
9958
9110
144455
55664
84458
84458
56061
10640
7163
359948
7791
26010
830
29035
29035
29035
29035
8867
7465
79571
79571
5813
26147
5166
27183
27183
27183
27183
3798
55294
3267
1021
1021
7533
5537
5537
7083
7083
6184
55624
4602
6623
4988
59338
59338
59338
59338
59338
84287
6895
6895
56181
51077
25820
25820
6645
6645
130507
10678
10678
10097
57606
79666
79666
8473
8473
8473
53834
153222
148867
5049
5049
23119
51719
8323
8323
8323
203523
26523
56990
64710
5527
5527
83640
28232
8897
10890
5295
5295
5295
5295
1462
2081
221
9343
3419
139818
253461
4071
9519
9519
9519
10228
165918
5966
5966
5966
5885
5885
5885
4493
9929
440270
136647
57556
4064
388524
388524
388524
388524
5000
5000
5000
5000
57489
57489
57489
57489
3301
3301
3301
3301
79944
79944
79944
79944
140890
140890
140890
140890
5930
5930
5930
5930
1456
1456
1456
1456
9140
9140
1104
1104
1104
51258
51258
253143
253143
253143
9360
9360
9360
118987
118987
118987
9493
9493
9493
56261
2005
2005
2005
56919
10793
10793
10793
4176
4176
4176
286144
5515
5515
5074
5074
5074
1457
27161
27161
27161
23087
23530
23530
6515
6515
51645
51645
51645
5187
4604
4604
9538
9526
5168
667
2296
5540
2779
2779
11176
92285
83445
55791
124491
220047
55327
55327
1666
5814
5814
25957
4774
4774
29915
29915
27436
27436
1964
154796
51020
51020
953
619208
163227
1760
1760
1760
1760
29101
54431
65986
79693
286451
286451
7320
51768
7082
84897
6884
6884
64121
29127
56957
56957
55692
11072
55082
55082
192669
5756
983
340252
9154
55789
904
7049
26073
3930
55970
1399
22849
26051
9819
23093
8467
3251
116150
157927
2560
138151
9052
9052
56995
151888
171484
10945
81553
6247
9340
6229
548596
23174
140
57105
11276
