161742
161742
161742
161742
161742
10769
10769
85414
9134
5998
5998
10043
10043
10043
3205
1398
1398
1398
1398
1398
1398
7422
7422
7422
7422
7422
7422
7422
5296
5296
5296
5296
7412
3667
3667
3667
3667
1869
6657
6657
5756
11344
5778
1786
1786
3845
3485
26207
10461
51162
51162
8140
8140
8140
5294
5294
7010
8754
8754
8754
4316
6387
1399
5241
27316
2309
596
7852
7852
7852
976
6925
1027
58480
4040
133
23411
4792
3758
25800
208
93
84102
84102
2904
