3799
3799
3799
811
8672
54509
51330
5464
7178
8148
51204
6133
54205
203068
203068
203068
64146
55692
8893
8260
10383
6810
1604
3646
64423
91289
81554
7917
81671
25949
79731
23509
56943
2475
2475
55240
23160
55621
29934
7514
58533
55023
55004
7045
25847
25847
55466
23195
10294
8239
56260
64418
22859
57701
23678
54764
54765
56154
3181
3181
9783
9783
9783
55165
55165
55165
55165
10625
10625
10625
55300
55300
55300
79886
9113
64919
64919
57181
79572
79572
23080
23080
23080
55273
55273
57568
4092
4092
4092
4092
403341
403341
6299
6299
11108
11108
11108
2512
10286
4904
4704
4288
9236
221154
56647
10885
84916
56616
5268
84294
5834
64318
51428
7262
6449
23223
140801
728689
22868
79568
10423
5356
5356
5356
203547
9908
5573
23392
55750
2232
10480
8697
115416
29127
29127
7874
9877
6731
9689
9689
9689
9689
9689
9689
9689
6197
6197
1738
2531
54386
4905
84132
84132
84132
80153
80153
3920
3920
3920
170850
8349
8349
8943
9480
11339
6667
220002
220002
22875
5565
4297
23731
23731
23731
90809
90809
996
996
57088
81929
254048
254048
254048
254048
254048
254048
27351
5128
5128
5128
9874
9874
9874
5324
5324
5324
5324
5324
9238
9526
29997
64151
29890
51018
10135
976
51397
8829
25929
1969
10973
5795
5795
5329
54964
3313
293
9255
1207
55178
11222
23640
991
5718
257068
1915
1915
1659
26517
26517
60481
54742
25926
55173
131076
113251
56257
84259
58490
5905
6125
124995
10768
23332
9669
1981
4090
26502
9053
9053
23382
10762
10762
10762
10762
10762
10762
22824
22824
22824
7091
7091
80028
4697
8731
8731
51166
4524
4524
60485
29775
29775
3749
3749
64089
64089
64089
23710
23710
23710
116224
5576
5576
5576
5576
23409
23409
5255
5255
5255
23023
55585
55585
55585
347734
347734
160
160
9698
84790
10381
440
8372
64215
2030
2030
2030
6780
8797
6187
1063
51115
166378
124454
10693
5717
11171
1312
1312
81892
2591
5635
5635
29103
23141
5621
54407
90850
29083
57498
7431
55929
11198
11198
64834
6627
10987
1025
140459
7265
27303
64432
8803
51116
63929
22908
8661
25963
5538
6175
6175
5518
1975
1975
6732
6732
80005
84926
64225
55573
55573
159013
375061
51629
2745
10395
3200
3200
3200
3200
9134
9134
9134
403
4644
4644
4644
4644
55591
55824
55824
9988
9988
9988
9931
4891
81876
81876
4860
4860
3836
3836
3836
3836
57532
57532
57532
57532
6651
6651
7923
9188
25879
8602
7818
7818
4913
5195
1983
5876
3419
117145
9790
1374
23644
10519
29078
4967
83939
1938
3337
6880
6206
6206
7127
10440
134266
29883
1756
10171
10171
54949
51067
2976
23367
8673
7023
1736
11128
10128
10128
79039
11261
2683
2683
526
55183
55183
9918
10238
94081
84272
23215
23215
5937
6426
6426
6426
80012
80012
80012
5045
5045
7203
80173
80173
159090
159090
159090
159090
7756
284996
284996
862
862
7832
7832
22863
22863
518
518
57589
55870
55870
55870
23039
23039
23039
3838
3329
3615
388753
444
1029
92675
88745
4677
63931
10808
9493
9493
9493
9493
9493
10130
10130
10130
10257
10131
10131
7035
114990
6520
64794
27335
6176
169714
93621
8451
26995
60528
5036
5832
22992
54475
55127
29763
6137
5861
9793
8140
8140
29927
23198
56994
10939
351
351
60559
25994
25994
25994
6712
6814
6814
1654
1654
1654
1654
1654
10527
475
51715
51715
10946
56929
5144
5144
5144
55326
10645
79915
79915
79571
7020
7020
7020
7020
54805
80314
463
79441
79441
79441
10479
10479
9958
6992
6992
23112
23112
23112
23112
81563
81563
81563
2782
2782
2782
2782
2782
23234
23234
23234
113829
113829
290
85365
53918
55505
2975
57050
55143
6156
25902
3691
8409
7162
529
84883
10695
8761
8761
541578
57647
705
201475
23499
3796
375790
988
90407
5701
55761
27436
27340
23277
11260
10197
10197
9147
3309
160418
92399
11160
23279
113146
113146
9927
4008
6856
6856
6856
6856
6856
7812
7812
26057
54778
55218
387921
91452
26031
26031
160897
160897
160897
27161
27161
64895
11329
11329
11329
11329
11329
29126
4302
4302
9567
9969
9969
23067
64768
64768
8867
154214
255488
55312
161742
161742
161742
56603
56603
57534
57534
830
7465
7465
7465
55038
55038
55038
55038
55038
4134
4134
51026
51026
5537
5537
5537
3914
10797
26073
6230
7453
55830
6122
8667
55646
11072
29101
29101
92106
2495
55131
10534
6144
9136
84864
71
71
5106
3320
55341
81034
8086
51649
4141
10461
9329
6728
790955
7474
9330
55677
23170
23170
5817
11004
10607
818
11273
11273
3921
10099
10099
57466
57466
64708
9987
9987
9987
9987
64149
84128
163
689
64750
23095
8573
8573
8573
9045
9045
9045
11140
65124
65124
81602
9825
80742
51506
79869
79869
79869
1399
1399
120114
26099
26099
2020
2020
2020
4645
5166
54980
54980
55664
55664
55664
55664
55664
55294
65975
27042
27042
387522
387522
387522
387522
387522
387522
204
55003
5723
6160
51647
384
10963
81873
8665
51194
6189
10813
22950
219927
389541
6128
22944
9533
5654
60488
50628
2617
8458
4666
9406
10611
3897
9894
9928
10933
8050
10067
64855
5339
23248
23248
23248
23248
23248
51761
3376
3301
3301
3301
3301
3301
1948
1948
1948
10712
10712
3912
3842
55066
8760
8760
8760
81562
8653
8653
79447
79447
9878
813
813
813
138639
54532
54532
23201
157922
157922
157922
157922
27183
27183
27183
27183
56061
152559
29035
29035
29035
29035
29035
55026
26147
56970
3720
3720
3720
3720
144455
144455
144455
144455
144455
144455
3798
5774
25790
7533
7533
4343
4343
79675
55325
84069
136259
11214
5251
26525
783
10594
89797
56957
3717
26156
9352
79012
26273
144402
1282
26054
57479
256987
270
23048
285016
1594
1107
3981
6229
57402
11122
8711
23291
8079
3185
27332
7078
85458
29904
201799
80228
146857
1656
4512
3423
284325
8396
131149
177
8993
81
112937
25794
11249
23523
148932
132
23568
94137
80045
8471
257240
3312
55790
2196
6188
55526
3191
23208
79001
9290
9902
23658
23109
1284
137886
2774
2774
2774
2774
84146
79641
64386
8780
653689
187
3547
10694
84833
137797
78992
3752
3006
23450
9501
164832
6829
9655
9655
5423
85236
161931
7461
3843
728378
51474
87
23272
11213
27018
11018
54796
54554
54891
9101
6218
8992
154796
154796
139285
139285
84461
498
65264
5901
10299
150726
64131
23348
9361
285598
8733
7414
7414
220359
10943
55683
55609
154661
1871
1871
27440
81550
64375
26136
3788
6549
1954
3150
80764
2783
152485
9092
653437
1213
22
5700
55643
23646
112398
23140
2806
6305
64328
8835
81502
9823
90268
51706
7846
54888
27112
2235
1266
60625
3239
89122
4363
55787
8856
7542
51014
201595
10427
10844
51012
9378
6950
6885
6885
23207
54928
5140
8347
55209
64764
163049
51068
8641
23405
23405
90231
23214
9044
7011
8408
60
9618
7037
9631
1267
1861
3064
57621
8331
55720
23560
3014
144363
144363
5430
79003
8566
4928
54977
57223
51805
10732
80179
8366
22907
8131
114783
1509
27044
10523
57662
55353
11057
11057
51124
6573
11165
6908
11188
2316
221927
26469
64943
25998
23013
9031
9862
10618
51125
25805
509
6522
55176
55027
9785
8945
8945
5519
29080
54910
339983
6597
9968
55553
3480
5894
3845
6532
10413
6660
332
59338
84287
154810
154810
154810
154810
154810
154810
55500
6895
6895
56181
11215
51077
25820
25820
25820
6645
6645
9527
50488
2589
2589
85364
85364
85364
130507
4735
10678
10678
10097
10097
23350
5915
5915
5915
3708
8553
821
23607
7975
7975
7975
221937
221937
79776
79776
79776
5887
5887
10838
8473
8473
8473
8473
79094
113178
5062
953
953
372
51524
83593
9261
605
6497
6497
23186
4088
192683
92912
84516
84516
84516
84516
84516
5681
124930
2145
55163
29916
51444
9592
955
9371
140688
9770
5194
200424
5580
132864
93624
65983
65983
153222
153222
1026
3662
23008
9690
23353
79618
152006
10009
55629
192670
5494
55334
55334
55334
83640
83640
83640
5930
5930
5930
5930
5048
57551
100529241
100529241
100529241
100529241
25843
25843
25843
25843
3516
3516
3516
3516
9519
9519
8323
8323
8323
9530
203523
286451
339287
339287
339287
339287
57089
2005
2005
149420
552889
552889
51058
51058
140735
140735
56990
26100
26100
1111
1111
1111
400793
3224
117177
28232
84733
140612
128866
2551
2551
55437
8897
51232
51232
51232
10217
10217
5295
5295
5295
5295
51645
51645
51645
51645
223082
4952
53344
53344
53344
253260
627
3068
3068
3068
54361
4609
9839
51092
51008
10655
7092
51747
221
9343
1454
7169
10794
10794
10794
10794
10794
2264
139818
57180
195828
195828
195828
195828
195828
9819
10766
387521
387521
387521
387521
4071
6749
6749
6749
150094
150094
23677
165918
5966
5966
5966
2649
4782
9711
26508
1964
1964
1964
1964
8444
368
368
64115
9796
57524
84937
4064
23366
5000
5000
5000
5000
57489
57489
57489
57489
79944
79944
79944
79944
64393
64393
140890
140890
140890
140890
166336
9860
433
433
433
253639
253639
253639
91404
91404
91404
11123
11123
9360
9360
9360
23466
1760
1760
1760
1760
1760
57016
57016
23131
23131
23131
22849
22849
22849
23087
23530
23530
6515
6515
55206
55206
55206
100101267
2779
2779
3206
8535
8535
5133
5133
5133
11176
92285
10942
57148
57148
83445
84271
9907
9907
63967
7363
5871
5871
220047
1666
65986
10971
84196
84196
25957
25957
23035
64710
64710
283078
8930
9209
9209
29915
29915
2280
84961
2194
2194
1398
79745
79745
143384
53838
53838
126014
126014
619208
9852
10308
54431
619279
79693
153396
51768
6884
6884
5789
5562
5562
8613
286343
23189
23189
2850
2850
2131
154043
767
10384
94134
94134
94134
3884
7280
84437
10314
57604
8604
8604
58512
9967
91689
65059
904
346157
151887
7704
343702
65267
7410
7049
158158
10787
80311
55970
8326
146223
440193
221481
7328
23093
134353
134353
11212
29121
22906
151
51281
9052
9052
80111
54836
375248
131377
8452
80067
6247
9340
2319
2319
144983
257194
90411
3178
728661
9743
376267
140
23262
11276
7644
9925
26276
51652
9960
57478
23471
51249
65084
8277
51106
6929
79718
55171
128637
57533
55617
55014
57154
6548
123096
6193
25873
10921
6050
64326
57455
84957
57826
10966
22841
5693
5450
56655
5226
5193
53354
9375
55611
7182
9110
64976
22877
400569
114044
255252
9516
64837
9895
134728
10525
2932
23163
23193
11337
285527
374986
10311
54878
1540
8453
8804
8904
171177
91368
863
64771
55791
56905
682
171023
26985
27125
51
